145 134
151 142
151 143
151 143
133 95
57 38
56 55
98 91
124 114

110 117
140 145
140 145
140 145
140 145
140 145
140 143
43 53
43 53
43 53
43 53
43 53
37 46
109 106

109 106
109 106
109 106
109 106
131 131
26 30
26 30
26 30
26 30
26 30
26 30
25 32
25 32
25 32
133 123
127 122
127 122
127 122

171 135
171 135
147 122
147 122
147 122
147 122
147 122
140 123
136 126
136 126
136 126
136 126
136 126
136 126
134 126
134 126
134 126
134 126
134 126
134 126
124 132
124 132
124 132
124 132
124 132
124 132
117 133
1 121
1 121
1 121
1 121
1 121
85 117

85 117
85 117
85 117
85 117
85 117
89 76
89 76
89 76
89 76
89 76
89 76
83 83
83 83
83 83
83 83
83 83
83 83
91 90
91 90
91 90
91 90
91 90
37 78
173 136
173 136
173 136
173 136

173 136
173 136
169 148
169 148
169 148
169 148
169 148
169 148
153 20
153 20
153 20
153 20
153 20
153 20
50 30
50 30
50 30
50 30
50 30
47 15
32 22
151 120
151 120
151 120
151 120

151 120
153 148
15 18
15 18
15 18
15 18
15 18
15 18
45 67
45 67
45 67
45 67
45 67
45 67
166 136
166 136
166 136

166 136
166 136
166 136
26 40
26 40
26 40
26 40
26 40
26 40
4 0
4 0
4 0
4 0
4 0
4 0
45 9
45 9
45 9
45 9
45 9
45 9
23 6
23 6
23 6
23 6
23 6
23 6
29 9
29 9
29 9
29 9
29 9
29 9
47 7
47 7
47 7
47 7
47 7
33 8
36 6
36 6
36 6
36 6
36 6
45 8
24 0
24 0
24 0
24 0
24 0
24 0
153 76
153 76

