110 122
120 128
128 135
136 137
141 142
141 144
143 147
142 145
137 140
128 129
114 117
107 112
107 107
111 112
113 118
125 131
132 139
136 142
139 143
138 143
139 143
133 136
126 128
104 109
94 99
96 103

102 108
119 121
138 134
139 142
139 144
140 143
139 141
129 126
117 114
106 103
97 93
108 103

115 113
129 128
139 136
150 145
162 153
164 154
168 154
166 154
166 155
162 155
157 150
154 147
150 143
149 140
145 140
141 138
134 135
128 131
119 120
108 102
106 103
107 109
119 123
128 131
136 137
140 141
139 143
139 140
100 109
100 109
100 109
100 109
108 108
116 124
140 146
140 146
140 146
140 146
140 146
141 147
94 99
94 99
94 99
94 99
94 99
102 107

127 122
127 122
100 94
84 78
84 78
84 78
84 78
84 78
84 78
159 148
159 148

159 148
159 148
159 148
162 155
141 157
141 157
141 157
141 157
141 157
141 157
113 108
113 108
113 108
113 108
113 108
97 79
171 135
171 135
171 135
171 135

